0.179069283713792 -0.021114662994041 0.2 0.2
0.815427894793967 -0.350822703966152 0.2 0.2
0.933429264071580 0.037593077010293 0.2 0.2
1.118833650559707 0.466030294512725 0.2 0.2
1.504646025256765 0.589618117834281 0.2 0.2
1.941342065409947 0.985264105861491 0.2 0.2
1.703476816891974 1.035866548914501 0.2 0.2
2.084022765134617 0.836490663520288 0.2 0.2
1.919991830045781 1.158025077012260 0.2 0.2
2.420862953896466 1.286461952962232 0.2 0.2
2.469144498334388 1.607589522371460 0.2 0.2
2.684492935681135 2.049210278850336 0.2 0.2
2.676091874866074 1.880152502632463 0.2 0.2
2.412371996956557 2.452350977973779 0.2 0.2
2.371880416935520 2.827569616914483 0.2 0.2
2.159221126961389 2.787913566906386 0.2 0.2
2.013946121031174 2.478559459607271 0.2 0.2
2.390563465429092 2.859063258271397 0.2 0.2
1.770207215431712 2.955121463238213 0.2 0.2
1.090023257450150 3.703474111858430 0.2 0.2
1.445758637736688 3.562430723405756 0.2 0.2
1.100411937370676 3.688855086070071 0.2 0.2
0.705893614107413 4.040403168208597 0.2 0.2
1.091194717877091 4.420310171024665 0.2 0.2
0.548500416886766 4.244913942614446 0.2 0.2
0.750623727433740 4.924622994794130 0.2 0.2
0.151888798285002 5.094035934387856 0.2 0.2
0.678687209867443 5.184624531149709 0.2 0.2
0.589944455214704 5.238194667451198 0.2 0.2
0.490949329858416 5.689430189941093 0.2 0.2
0.712126336485612 5.970291275042064 0.2 0.2
1.192191764721846 5.905345498252514 0.2 0.2
1.259444316462309 5.949077524485189 0.2 0.2
1.711836880079812 5.822797636272980 0.2 0.2
2.002603614414938 6.061731428467911 0.2 0.2
2.426451189996977 6.122948044623070 0.2 0.2
2.699812286316464 5.778496435996944 0.2 0.2
3.467401297271029 6.078275480549065 0.2 0.2
3.135786760238409 5.273789010698948 0.2 0.2
3.316629767287965 5.164712045212746 0.2 0.2
3.590603070264681 4.780937674627061 0.2 0.2
3.180193355227798 4.318494858606270 0.2 0.2
3.279235726110118 4.315725141023736 0.2 0.2
3.624218524242663 3.999069097434414 0.2 0.2
3.789830126706016 4.037144083534871 0.2 0.2
3.436751515792948 3.802495210824612 0.2 0.2
3.408828237611714 3.787693843896539 0.2 0.2
3.757974597079025 3.810847323521481 0.2 0.2
3.894068219557324 2.874292305136185 0.2 0.2
2.875322472367941 2.439398501807175 0.2 0.2
3.056664734515575 2.663970624231842 0.2 0.2
2.766892039938119 2.042594704424897 0.2 0.2
2.804502989368225 1.966029979428478 0.2 0.2
3.097343147465967 1.688372194690281 0.2 0.2
2.767980982407418 1.280407905792708 0.2 0.2
2.660628510451432 1.385467638999224 0.2 0.2
3.057755644713354 0.796346096773462 0.2 0.2
3.031665496055993 0.217928740196881 0.2 0.2
3.004782102545191 0.048149567616147 0.2 0.2
3.137338707794278 -0.387818047139032 0.2 0.2
3.406224961015778 -0.561630076797087 0.2 0.2
3.755820533930057 -1.330388074599892 0.2 0.2
3.844479324483546 -1.701813076862083 0.2 0.2
3.432560306637761 -1.769375896854327 0.2 0.2
3.385106914636731 -1.510481414430564 0.2 0.2
3.810474349715702 -2.324181912284131 0.2 0.2
3.434720994009606 -2.423015406925042 0.2 0.2
3.680923275213136 -2.581213841016372 0.2 0.2
3.841099202806308 -3.117802236284370 0.2 0.2
4.025821337088102 -3.081817111404238 0.2 0.2
3.883544075544537 -3.593544308567926 0.2 0.2
3.754387555178166 -3.441000168995918 0.2 0.2
4.115822402719972 -3.871954358486899 0.2 0.2
4.043771353911685 -4.126062444800504 0.2 0.2
4.253403529275401 -4.534170828473136 0.2 0.2
4.216658611425377 -4.393613270530554 0.2 0.2
5.039395133619188 -4.201271450934430 0.2 0.2
4.798734358428575 -4.495720944986723 0.2 0.2
5.330697394725473 -4.246663484867434 0.2 0.2
5.638357813460024 -4.173524284157576 0.2 0.2
5.559330258929579 -4.389172916961056 0.2 0.2
6.138091619364253 -4.408532444904870 0.2 0.2
6.310404222749234 -4.335746446780057 0.2 0.2
6.587331776859092 -3.876969392888599 0.2 0.2
7.203886909442761 -3.959015317734168 0.2 0.2
7.528936860007875 -3.755107333515876 0.2 0.2
7.090051919345033 -4.126617316608432 0.2 0.2
7.812699238509162 -4.185486122026247 0.2 0.2
7.489488359947909 -4.750223864316759 0.2 0.2
8.391170256893663 -4.723449154509971 0.2 0.2
