0.2955014275783198 0.025498510222669277 0.1721514930979356
0.610940620066103 0.08619799488858343 0.2080580394954531
0.8429637681144491 0.14951782833625152 0.32477332994877806
1.0609115568437186 0.26339481779915525 0.6381917305744419
1.4622266190712228 0.533010102075133 0.544944945635064
1.8071911763968604 0.74760858670396 0.5680608814373878
2.032141832405575 0.9523083230088476 0.9085381920715166
2.0922096900738625 1.0075302092399983 0.5782416318327492
2.1368458949647087 1.045996505323982 0.8443375082710995
2.3548332738446467 1.3798409083805017 1.1403472268685548
2.504436627768172 1.845613453198256 1.3796740782419337
2.524705484986335 2.101938646474725 1.6040974192710982
2.51550781290675 2.2046974472844223 1.7160342363331174
2.479341144820142 2.3127094049122747 2.0717693699727846
2.351173317613408 2.5670136024516146 2.0034989219652033
2.264086338512267 2.7115104195885977 2.2228858735125763
2.1037024393653345 2.910060926846141 2.2776330326074956
2.063705612812786 2.952661017319166 2.371741430268197
1.8197861988038904 3.167926665579719 2.4652886277680026
1.429315796249131 3.4371166837138523 2.6107448670507893
1.249459725036008 3.5488863874099867 2.5603704300902623
0.9863113237365484 3.797563605712388 2.2085508073936784
0.759377559059371 4.063726000018804 2.345061103088206
0.6749431389365049 4.180548968047016 2.048202141212088
0.5962092878358065 4.355496159469945 1.9391707579661863
0.4928744106423757 4.6441127618984055 1.8900519687360426
0.41434551365499794 5.1304954959789 1.571687817334465
0.4336074773321091 5.272751822934851 1.300735431642462
0.5573627564857889 5.593013541369288 1.1033687136742876
0.6972617291299243 5.811440067489075 0.8989091872755697
0.7863994760379137 5.893332261529957 0.5872093002070139
1.0973994573581052 6.040689266786497 0.29775566128590497
1.231656698075357 6.074291676086631 0.19273579781467629
1.6490821489539293 6.0874768131754635 -0.12958318155087464
2.0564069984867075 5.96541830167523 -0.45270445523570424
2.493784295925571 5.745856187452098 -0.47778349391754305
2.9374310992663983 5.539243276224795 -0.39390707812150627
3.2560778269072386 5.331280271280208 -0.7625568443180497
3.363828903025069 5.19138415274549 -1.0663995953475147
3.426749718988033 5.0200168574498925 -1.3714174201841194
3.458475400288107 4.829586941243419 -1.4400070245723835
3.4747283893925625 4.752493064347308 -1.2860293290763674
3.532516238672975 4.45350317271076 -1.473717736324811
3.5139578141911145 4.16990161240244 -1.7985653277180578
3.4967224111846025 3.862726061146565 -1.4551283696570863
3.5318132102790356 3.6727277976848596 -1.321200065686141
3.567822011164289 3.5696645158131624 -1.1481383023912886
3.6202434245534296 3.3977275380304794 -1.4015852127855952
3.613147179281966 3.0858018038755 -1.7854991758356005
3.4445391836784167 2.700846408655443 -2.181742794881563
