2.5490665337089706 1.9155983818209488
1.19320827556844 4.2467176308244365
2.739831868854359 2.3154219639141993
3.494530092538647 1.114252106719705
1.1225414507187013 0.1751004262753843
2.211075914182535 0.4331643170344538
2.2638881004480544 4.143962762353906
2.1980913716102806 2.7757989380395625
1.037190300372357 3.2782300457792704
3.4631460787453623 5.46110043351385
1.7820779517817424 6.0289117219106
3.109591887547029 1.340323323622109
2.621089550240142 4.045064190576406
1.2844025495386047 1.621753044685238
3.001169215789924 0.15068442091820627
1.613780716214019 4.622773455199907
3.224942230682837 1.9654355350812414
2.2280837589331233 2.3500483166585013
3.2270440153551943 3.591864087840442
2.597990289341819 5.0632962145668925
2.7067847901806164 3.838372799023461
1.9622756542776167 5.315487849602314
3.4742328405632326 1.6837043902206112
2.436602688597463 4.863241102140803
1.7047101081496243 1.1508195768535048
2.3116024132701503 5.801300862021039
0.35931386005363264 4.193037525220019
1.2981598858062637 1.331901373004817
2.490408112971872 5.768438474622105
1.259934630652933 4.455930553450426
2.3502432791493573 1.564887237849909
1.7210467346011702 1.3185910887843024
0.7459177383996033 3.1668199946449977
1.2872132036397543 0.1810653502640346
2.1904877029889835 1.2831776060586537
2.2600009117687687 2.599932607373637
2.2049847023516955 2.2937088126250185
2.4672256258159053 2.835682674504286
2.4635765557177343 1.708477704058188
1.729856418134948 3.5825724869644238
3.2762875470494195 5.262172450213438
1.5175498134132692 0.7379740709702868
1.744639849617367 3.1618394321919983
3.2609164640818653 0.8260925053990509
2.975888440668733 4.37108634387383
2.635749362466299 2.426403835314416
0.6287299690516192 3.4530702347360562
3.3525438889836794 1.1365369007211557
2.6701694721633302 0.9035624845935499
3.616410018867379 2.9840850941364714
0.7923784824514826 2.18121521132274
3.181796589178845 5.726376557748912
0.8357485117085963 4.664883593502333
2.342078162592516 4.563881129966786
0.7071709246225959 5.503827964512664
3.1149100013864524 0.5312035038516659
2.979628674605578 3.372877281946211
2.1876145537598126 3.5685797588276813
1.6492808363323999 5.8567359657969575
0.5254638421726039 1.7964904789004206
2.614272159550877 1.4853973487967016
1.803413832098851 0.6334782121537172
2.6961500032884245 0.1250945683317371
3.175999132030211 5.660285060575463
3.538858744213779 4.08651808044583
3.140826741182703 4.785078427407134
0.3344477352242978 1.7333402985917048
1.4923356165393504 3.580304214275124
2.722531707865066 0.4131939458076288
0.8661258234967151 2.96936246009348
2.0278137141865704 5.951052838595316
0.47616121944098017 5.338854289756159
0.9604382731504593 2.0754107392068866
0.35708161548086403 5.854515923820198
2.9343415148334286 1.4300687426499838
1.0399932421322167 5.780248614291227
1.4437066641172507 5.732109731036966
3.3811322805703514 4.870247254416603
2.6374975729275936 3.84726022465051
0.40135765372979004 5.325413194435815
0.8430670063433214 1.8017811172339877
2.3617567692575427 5.171775922961185
2.214637557965264 3.7710536105269465
1.0864336815810467 0.10574005475639033
3.4015219406408996 2.1304205619857544
2.3367798260911052 0.9235251950711926
2.0763423027528956 5.977326968502301
2.256799900398956 2.9253689322759433
2.7229688020294245 3.0406741759516254
1.332638054795563 3.9019670299663565
1.6194837172081986 2.259850395382812
0.9931777525986112 0.8553849868491127
0.914545133771707 5.00915837131892
3.43529597334166 1.1763524330380815
2.7543170147750184 3.125103088307184
1.9261504263755231 1.385303472850372
1.0515963919276983 0.6186296522891047
1.1411711047231792 5.25208478182286
0.48843341395631085 5.923315343200804
1.739824626755615 5.850057360125644
