0.002955014275783198 0.00025498510222669277 0.1721514930979356 3 4 0.9999768678805006 0.006801742710813979 83 0.997477325012312 -0.07098581609224737 96 0.8808953586821153 0.473311067958808 
0.006109406200661029 0.0008619799488858342 0.2080580394954531 5 4 0.999351957612361 -0.03599534437037639 33 0.9976419254192939 -0.06863372819309949 83 0.9860907638588582 -0.1662077177277079 91 0.6203994278414693 0.7842860128384144 96 0.7829663965245399 0.6220640014607635 
0.008429637681144492 0.001495178283362515 0.32477332994877806 6 4 0.9728571871765379 -0.23140633819961506 33 0.9679453901959612 -0.25116074852251186 41 0.9239411993350498 0.3825345215419255 83 0.8762945367545857 -0.48177576200351324 91 0.5093705120497652 0.8605473150583645 96 0.6766800517820397 0.7362771947576918 
0.010609115568437189 0.0026339481779915526 0.6381917305744419 7 4 -0.028802214322855832 -0.9995851301665607 33 0.5511029506341213 -0.8344372581580746 41 0.9861758020345784 0.16570240638402334 61 0.9845863979804751 -0.17489889911555723 83 -0.45973602803941427 -0.8880556201739522 91 0.5005812052893879 0.8656895846150765 96 0.5744852969712286 0.8185149012473012 
0.014622266190712229 0.005330101020751331 0.544944945635064 13 4 -0.9646795739207981 -0.2634261180293014 5 0.7791451253526761 -0.6268435798819052 24 0.7949709506230516 0.6066474986888858 27 0.335742315571943 0.94195387229651 31 0.7599319706730923 0.6500026153400543 33 -0.8449172160368973 -0.5348970910787038 41 0.723306749949931 0.6905268607931686 61 0.9667559219653765 -0.255700972514527 83 -0.9540069932490169 -0.29978435054547165 85 0.9922002093240221 -0.12465450099120629 91 -0.41113912208454334 0.9115726094456497 95 0.8641304561536944 0.5032678757357835 96 -0.7313429045004214 0.6820099383710532 
0.018071911763968607 0.0074760858670396 0.5680608814373878 17 4 -0.9917718410785276 -0.1280180270263054 5 0.33462908874322667 -0.9423499206594531 24 0.313777190616444 0.9494966427791368 27 -0.1480620020065116 0.988978080425357 30 0.9146078039812454 0.4043421384132549 31 0.4062255719451932 0.9137728299187936 33 -0.966346703445466 -0.2572431704439996 34 0.9280838574813514 0.37237125759453377 41 -0.8603657194209364 0.5096771810129374 48 0.9251846056280018 -0.37951738498909227 61 -0.5655875685256522 -0.8246882455384219 68 0.6071402470138983 -0.7945946894209039 83 -0.9873057016984308 -0.15883151889272235 85 0.9695640661715611 -0.24483774543331463 91 -0.7650376681512823 0.6439855326866036 95 0.6834562137995617 0.7299915094155328 96 -0.921453108886456 0.38848959847528103 
0.020321418324055752 0.009523083230088476 0.9085381920715166 14 5 -0.5451921730698268 -0.8383110964453471 24 -0.11697441060199872 0.9931349290324629 27 -0.18391654416380443 0.9829418623615759 30 0.9832468332644776 0.18227908512875718 31 0.20301197809487107 0.9791762541800162 34 0.9767846909284972 0.21422340574204382 38 0.9896825533019183 0.14327750587512186 41 -0.870844780348202 0.4915581029138791 48 0.5530373534115528 -0.833156459334947 60 0.9860735300440826 -0.16630993159280055 61 -0.999202064300186 -0.039940389310158766 68 -0.0007175107283879946 -0.9999997425891441 85 0.5379933092338125 -0.8429491083212861 95 0.6197877832303085 0.7847694589868162 
0.02092209690073863 0.010075302092399983 0.5782416318327492 15 5 -0.36550044518358554 -0.9308111648291508 24 -0.5958862812703979 0.8030688263117529 27 -0.5685484643071671 0.8226497697890409 30 0.8477984566719537 0.5303185616821773 31 -0.29076565742086335 0.9567942999749806 34 0.79604159483432 0.6052419179911719 38 0.8750066232228044 0.48411094732119525 41 -0.990265870102725 0.13918874419180938 48 0.7274311256419435 -0.686180703202367 60 0.9867470228883377 0.16226617891909062 61 -0.9443855857958123 -0.32884018206584836 68 0.23433299411681727 -0.9721563906431145 74 0.9936001644733314 -0.11295447383157808 85 0.6144588512032917 -0.788948870445944 95 0.16335640558664602 0.9865671212613014 
0.021368458949647093 0.010459965053239819 0.8443375082710995 16 0 0.9599985884680977 0.28000483949257 5 -0.6622356734676794 -0.7492956110820409 24 -0.46928902136811956 0.8830446276510334 27 -0.3874991159433944 0.9218700749797054 30 0.9439867125822677 0.32998346393133543 31 -0.1456426949270638 0.9893372556486398 34 0.8756400645807068 0.48296426089421524 38 0.9642303309881048 0.2650657820288572 41 -0.9276253908664998 0.3735118930098123 48 0.448852808224064 -0.8936057053026081 60 0.9949650938159733 -0.10022206387702916 61 -0.998910367284541 -0.04666988463092112 68 -0.09743346222086421 -0.9952420411335403 74 0.9227964789460281 -0.38528776056969755 85 0.17593545938346358 -0.984401703641115 95 0.28465822469306445 0.9586290706600719 
0.023548332738446476 0.013798409083805016 1.1403472268685548 16 0 0.9965866655434844 0.08255312266001286 5 -0.9611256877872346 -0.27611123170837365 11 0.3691915401044248 -0.9293533271664349 17 0.8470664562538438 0.5314869882598775 24 -0.6955233995363472 0.7185034451534682 30 0.8981517566864696 0.4396855944433574 31 -0.5027619961392064 0.8644248812002814 34 -0.8204086855750147 0.5717775691937177 36 0.8292820475659641 0.558830283346207 38 0.9938571865281982 0.11067019827511944 48 -0.5273886911406571 -0.8496241336361301 60 0.7289993699195426 -0.6845143670200867 61 -0.978887357265689 0.20440044468003377 74 0.49419293757279104 -0.8693522533778673 85 -0.9245641454572907 -0.381026430756227 95 -0.40566577838873047 0.9140214856578949 
0.02504436627768173 0.018456134531982558 1.3796740782419337 22 0 0.9299340674135315 -0.3677262980311925 2 0.962868950751215 -0.2699692272820259 7 0.873099407320285 0.4875422288755784 11 -0.48344393734037977 -0.8753753249028847 16 0.34844989954565386 -0.9373274067830427 17 0.7697731819161798 0.6383175137834148 22 0.0256934900479768 -0.9996698677909395 30 -0.951979915369584 0.3061604819909314 31 -0.7056370291236522 0.7085734846362415 34 -0.9498654683395903 0.3126589068873787 35 0.8754196626374898 0.48336364599301773 36 0.7107454138291812 0.703449327756297 37 0.9739644799255143 0.22670066573219952 38 -0.9951571281197628 0.09829694986328924 45 0.999512307040441 -0.03122736099473314 48 -0.9340281044490352 -0.3571995242148876 60 -0.883702058658039 -0.46804986008281635 74 -0.5457570352802041 -0.8379434697174757 84 0.4781420638850519 -0.8782825096423946 85 -0.9999365602568705 -0.011263900818899938 90 0.2441784930406383 0.9697303045364741 95 -0.7600650601413449 0.6498469853375747 
0.025247054849863358 0.02101938646474725 1.6040974192710982 20 0 -0.9953285969353278 -0.09654524391575046 2 0.6803672361137302 -0.7328713557118764 7 0.9138926502582088 0.405955938254421 11 -0.8129520551964469 -0.5823306242607145 16 -0.2239106244121426 -0.9746096820139662 17 0.6667777824789786 0.7452565925856784 30 -0.9402613795564473 0.3404534301701288 34 -0.9127396079691151 0.4085418069725375 35 0.8981465828203785 0.43969616301268427 36 0.5426403175729095 0.8399651693638087 37 0.9989931963695478 0.0448619394069654 38 -0.9824861716368218 0.18633551068548806 45 0.9348204822299915 -0.3551206358454631 60 -0.9938499768706527 -0.110734924365365 74 -0.8706781401708032 -0.49185320597583887 84 -0.0008291834159660897 -0.9999996562273723 87 0.960709207582093 0.2775568742924353 88 0.9709935417484722 -0.2391057127773364 90 0.20455449991192032 0.9788551765025224 95 -0.7457359379411436 0.66624163098912 
0.025155078129067504 0.022046974472844223 1.7160342363331174 19 0 -0.9995597364789598 0.02967040967213867 2 0.3081711473991081 -0.9513309329096353 7 0.9351744650712697 0.3541874078488174 16 -0.4533461284896307 -0.8913345543528889 17 0.5756808490367069 0.8176744829407214 30 -0.9218320835963199 0.38758948599319315 34 -0.8849935793067906 0.4656032265628703 35 0.9095275382693946 0.41564366605256364 36 0.41177608735213267 0.9112850563270358 37 0.9976295363353617 -0.06881357592286079 38 -0.9690330194371127 0.24693117915846927 45 0.8007885755026153 -0.598947123997179 60 -0.9999614123241672 0.008784865545748574 74 -0.939225479010192 -0.3433008878201093 84 -0.226881969525379 -0.9739222617356506 87 0.980182442427385 0.19809689436507102 88 0.9254822039728005 -0.37879109035146 90 0.20524430837314425 0.9787107713111314 94 0.921410762479229 -0.3885900240451957 
0.024793411448201425 0.023127094049122745 2.0717693699727846 18 0 -0.9469578084131164 0.3213579143033937 2 -0.47112005685941016 -0.8820690970807141 7 0.9989956948797666 0.04480626754922154 16 -0.8057012422654439 -0.5923221321307521 17 0.603992839144438 0.7969897428839603 30 -0.7826279705435613 0.6224897266002601 35 0.9885892484082831 0.15063631013652043 36 0.4185319790742001 0.9082020603875733 37 0.8880038273889793 -0.45983606050692016 38 -0.8642909000954277 0.5029922862353213 45 0.12723898802274092 -0.9918720884907231 60 -0.9429875934544284 0.33282788133061464 74 -0.9996874347252863 0.02500065703889407 84 -0.641251889443587 -0.7673304466036973 87 0.9883862051181965 -0.151962855764329 88 0.6793456776875992 -0.7338184041077033 90 0.42555594837921734 0.9049321161275385 94 0.6768326225983824 -0.7361369444516392 
0.02351173317613409 0.025670136024516142 2.0034989219652033 14 0 -0.9905243477283647 0.13733723660135874 2 -0.8453397991371245 -0.5342289995823946 7 0.9800742845116636 0.19863130880843208 17 -0.5827003540627642 0.8126870845381567 35 0.7027098349140432 0.7114765547191828 36 -0.6027343921579024 0.7979418854215161 37 0.6671296054080249 -0.7449416685809253 38 -0.954589124158342 0.29792550081960023 42 0.9350342816730715 0.3545573184918391 45 -0.7780911120560972 -0.6281514318532642 87 0.9846920787085187 -0.17430292633428868 88 0.45520545644685645 -0.8903864287044188 90 0.03523743095993481 0.9993789688898521 94 0.49037116497933764 -0.8715136949909664 
0.022640863385122677 0.02711510419588597 2.2228858735125763 15 0 -0.9528638461167496 0.30339823790456544 2 -0.9749227016882052 -0.22254376138856605 7 0.9893017960277882 0.14588336565966883 17 -0.730757916045908 0.6826367028927184 35 -0.7720803331777366 0.6355249476772373 36 -0.7019847852779534 0.7121919412898926 37 -0.10324266891602564 -0.99465619754521 42 0.9791707821641293 0.20303836917215212 45 -0.9652639424354195 -0.2612767142973735 56 0.09384489332978556 -0.9955868299630732 57 0.8456041191213005 -0.5338105223064541 87 0.8150206937959154 -0.5794318499050813 88 -0.029831934726103997 -0.9995549287910582 90 0.04089609014348626 0.9991634049598572 94 0.04869856586133189 -0.9988135209752868 
0.02103702439365335 0.0291006092684614 2.2776330326074956 17 2 -0.9937054918507761 -0.11202408431050483 7 -0.9955771362802538 0.09394767541567517 17 -0.8831410543846796 0.46910753357872675 35 -0.9713355589439069 0.23771249847479198 36 -0.8556623864610738 0.5175344243581675 37 -0.7886776135191093 -0.6148069794120774 39 0.9801700275803514 -0.1981583130558325 42 0.9683104644049535 0.2497495636109567 45 -0.9920514800862503 -0.12583267007689228 56 -0.2189601793425722 -0.9757337955929725 57 0.672230237430124 -0.7403421559553658 67 0.9994668962642368 0.03264848039240443 82 0.6711952307751113 -0.7412806231008233 87 -0.5705532116372032 -0.8212606362723548 88 -0.4785189705826823 -0.8780772145958977 90 -0.2219874297723079 0.9750495274718533 94 -0.3779849966608835 -0.9258117207614472 
0.020637056128127867 0.02952661017319165 2.371741430268197 16 2 -0.9999012549010117 -0.014052773654406474 7 -0.9885940361676403 0.1506048858894504 17 -0.8604480853905682 0.5095381166779434 35 -0.9573467550079723 0.288941500438593 36 -0.831083699668971 0.55614735830042 37 -0.8834172428680672 -0.4685872117369215 39 0.9512318621040351 -0.3084768135826257 42 0.9820887925033055 0.18841869238321118 45 -0.9996589580250037 -0.026114510149796523 57 0.5407460751406691 -0.841185878519107 67 0.9980509160896118 -0.062404878757088326 82 0.5542616380049873 -0.8323424995973883 87 -0.8083569608701479 -0.5886926395095986 88 -0.6195957274437827 -0.784921100833332 90 -0.19837104329172556 0.9801269964567615 94 -0.5280084184824315 -0.8492391359397432 
0.01819786198803891 0.03167926665579718 2.4652886277680026 17 7 -0.9919420904173694 0.12669210416762056 8 0.8596148846858072 0.5109425114693497 17 -0.9083509314483021 0.4182087819941158 35 -0.9724768445901892 0.23299954235128623 36 -0.8872416162943314 0.4613050122374809 37 -0.9796313370734753 -0.20080449054648927 39 0.7769959855906905 -0.6295055507109938 42 0.7268084519560702 0.6868402100672475 57 -0.06635752212136589 -0.9977959106239673 67 0.9751527767962602 -0.22153343293178848 69 0.6359296487337004 0.7717470322984291 82 0.09649985040407259 -0.9953329989867671 87 -0.9856517392247653 -0.16879173250842303 88 -0.8595887875104982 -0.5109864150701381 89 0.952766116637785 -0.3037049999373646 90 -0.44323255327570377 0.8964066620215964 94 -0.8077254966158727 -0.5895587520482093 
0.014293157962491315 0.03437116683713851 2.6107448670507893 12 1 0.7274595624043355 -0.6861505556847511 8 0.6091379751088889 0.7930642642814278 32 0.6157294192261551 0.7879576652964433 39 -0.5556948103320873 -0.8313863589029984 42 -0.9825947912008728 0.18576188065615903 46 0.8722935105443772 0.48898264944900305 57 -0.7632244861506453 -0.6461334101716791 67 0.11597806448903734 -0.9932517750084199 69 0.3399450886575203 0.940445286392372 82 -0.5955008634209124 -0.8033546674196569 87 -0.9997350748720225 0.023016951810164953 89 0.6712550767168186 -0.7412264309790214 
0.012494597250360085 0.03548886387409986 2.5603704300902623 12 1 0.6144252362026532 -0.7889750497432184 8 0.08375920482788397 0.9964860237888942 29 0.5393578469934378 -0.8420766668698304 32 0.3339504586349673 0.9425906275671824 39 -0.7953393902752565 -0.6061643789242184 42 -0.9966221811830224 0.08212324868144863 46 0.7422504208263176 0.6701226102611031 57 -0.8240853204776769 -0.5664656958485698 67 -0.7584496131936893 -0.6517316811743488 69 0.003169498259412229 0.9999949771277772 82 -0.6913329272191926 -0.722536354616529 89 0.34276796704453466 -0.9394200981287109 
0.009863113237365488 0.037975636057123875 2.2085508073936784 12 1 0.4806339546340864 -0.8769213201039185 8 -0.8576591235974445 0.5142186574892663 26 0.9322102134812057 0.3619172804403304 29 0.5134086163943269 -0.8581442726092523 32 -0.5387142086962624 0.8424885763906592 39 -0.7951297638262612 -0.6064393281092465 42 -0.9724290274934809 -0.23319902763108427 46 -0.12864645779511585 0.9916905207254779 52 0.8934302268595515 -0.44920199213014417 67 -0.8640701919103625 -0.5033713375352129 69 -0.7096008113519621 0.704603923157285 89 -0.3381584596344357 -0.9410891860911301 
0.007593775590593713 0.040637260000188025 2.345061103088206 10 1 -0.36636938062362223 -0.9304694927516234 8 -0.9071576580669004 0.42079090224311744 26 0.8851854767472569 0.46523829566764124 29 -0.10942415471482189 -0.993995148059057 32 -0.7043632624447626 0.7098396963527546 46 -0.5528350748128434 0.8332906936097857 52 0.6211181495901117 -0.783716941407901 67 -0.9773010932127254 -0.21185507594865807 89 -0.8670686882737901 -0.49818860867664283 92 0.5922580737136705 -0.8057483317519015 
0.0067494313893650525 0.041805489680470154 2.048202141212088 8 1 -0.34329178653795184 -0.9392288056142557 8 -0.9954300429123701 0.09549361061074606 26 0.49423302961691334 0.8693294613871586 29 -0.03742648154797864 -0.9992993838079451 46 -0.8572735777663019 0.514861158822225 52 0.6981632506123195 -0.7159385975727524 89 -0.7695060349811698 -0.6386395400596165 92 0.7256004913628035 -0.6881162161539707 
0.005962092878358068 0.04355496159469945 1.9391707579661863 9 1 -0.5214984044974632 -0.8532522570181694 26 -0.23064978400287728 0.9730368323652636 29 -0.21646733801948756 -0.9762898604260709 46 -0.9452772307405257 0.32626822867622757 52 0.5172106833868627 -0.8558581126509782 71 0.9696757357877985 -0.24439510515636662 79 0.9855647469776146 -0.16929893536272067 89 -0.795823526271389 -0.6055286244538501 92 0.6810717630781282 -0.7322166711688897 
0.00492874410642376 0.04644112761898405 1.8900519687360426 9 1 -0.7415564154552516 -0.6708905146871269 26 -0.8212917000511231 0.570508495490765 29 -0.5310450157774957 -0.847343608707754 52 -0.25587331747799097 -0.9667103213490622 54 0.8453683455753049 -0.5341838263175627 71 0.9567429344901892 -0.2909346271984508 79 0.982802014357006 -0.18466239621485267 92 0.38415267048185 -0.9232695845535382 97 0.4205530159310685 -0.9072679652623489 
0.004143455136549982 0.051304954959789 1.571687817334465 10 26 -0.9982287757402184 0.05949211110882495 52 -0.7420266757194223 -0.6703703547448853 54 0.7862869136016679 -0.6178615455737337 71 0.9584441387607326 -0.28528027074299644 73 0.9969567550665136 0.07795658103872721 75 0.7197239842686258 -0.6942603160691924 79 0.9978462921273865 0.06559555844435387 92 -0.23660687580302592 -0.9716054684504052 97 0.1641159886764894 -0.9864410485481321 98 0.9955787279070933 -0.09393080718749372 
0.0043360747733210935 0.052727518229348506 1.300735431642462 9 52 -0.6565810309821838 -0.7542554936852451 54 0.8257123068731878 -0.5640914697796436 71 0.9547699815268306 -0.297345392389483 73 0.9207292496741063 0.3902020614944995 75 0.8231364600822596 -0.567843612346962 79 0.6825514823276675 0.7308375154384892 92 -0.2292517176596042 -0.9733671711898451 97 0.23853833451675258 -0.9711330820057433 98 0.9827545813009775 0.18491466391809072 
0.0055736275648578925 0.05593013541369288 1.1033687136742876 10 52 -0.7256403200464723 -0.6880742154178235 54 -0.06949630506235392 -0.9975822089345219 71 -0.9875145584991853 -0.15752776501988178 73 0.4347652101154719 0.9005438423937223 75 0.7429724918933915 -0.6693219526429146 76 0.5835477112496082 -0.8120788562050755 79 -0.9981775825286138 0.06034495618800688 92 -0.5263848756265539 -0.8502464129366365 97 -0.061086482404937144 -0.9981324770126414 98 0.7818548668726332 0.623460477614722 
0.006972617291299246 0.05811440067489075 0.8989091872755697 10 54 -0.7622014092163121 -0.647339950712659 58 0.6589560780389043 -0.752181419084243 71 -0.9726802205393127 -0.2321490654118466 73 -0.5192138837759412 0.8546443370749631 75 0.5489677355904504 -0.8358435411491156 76 0.5362660745191379 -0.8440489898814134 79 -0.9921969466584413 -0.12468046776326265 92 -0.5927122635446725 -0.8054142863419735 97 -0.22610511083693194 -0.9741029097859316 98 -0.17909542672251258 0.983831707217795 
0.00786399476037914 0.05893332261529957 0.5872093002070139 11 54 -0.7088597152912491 -0.7053494907045791 58 0.8082656727430085 -0.5888179703994195 71 -0.8899920181223496 -0.4559761042845418 73 -0.8789975838221057 0.4768262237282052 75 0.5346787420154904 -0.8450554081459586 76 0.676543121562279 -0.736403017828395 79 -0.9257477475308397 -0.37814165063052324 92 -0.4289037153793158 -0.903350210568315 97 -0.08178113239421905 -0.9966503129906292 98 -0.7728365036215551 0.6346051832990416 99 0.806512482926661 -0.5912170624089533 
0.010973994573581055 0.060406892667864975 0.29775566128590497 13 10 0.9508101540502557 -0.3097741934941145 54 -0.7993956746595503 -0.6008049228623233 58 0.8141720419085958 -0.580623704454432 70 0.9234578256828674 -0.38369994029849835 71 -0.8533161284163665 -0.5213938866006228 73 -0.9986799881709979 0.05136420180218605 75 -0.49227907150684586 -0.8704374278237108 76 0.5185791491889096 -0.8550296287418973 79 -0.8769728658685968 -0.4805398969182686 86 0.93505195746054 -0.35451070061313006 97 -0.23994321777877536 -0.9707869242228014 98 -0.9942437715051812 0.10714160173878766 99 0.833039420559816 -0.553213633050891 
0.012316566980753573 0.060742916760866315 0.19273579781467629 11 10 0.9624263887967913 -0.2715427151436167 54 -0.8052919272713336 -0.5928784967188651 58 0.7819601220784911 -0.6233284587430542 70 0.9406319147907349 -0.33942834424531415 73 -0.9985713182145746 -0.0534352172186731 75 -0.6964152611813229 -0.7176390346084511 76 0.35418535513826743 -0.9351752425110382 86 0.9532355875120244 -0.30222824934245607 97 -0.2977613735615516 -0.9546403324890155 98 -0.9999705510232477 -0.007674443710284007 99 0.8206218302977292 -0.5714716192767625 
0.016490821489539297 0.060874768131754645 -0.12958318155087464 11 10 0.95959996086405 -0.28136793546833594 21 0.49252700301674107 -0.8702971626400646 25 0.9615623519858202 -0.27458667710487605 28 0.9730075332036475 -0.2307733527272005 58 0.13007464693626167 -0.991504203835973 70 0.9767280799276717 -0.21448136954244637 75 -0.8271666188586 -0.5619567462412313 76 -0.38429721317487486 -0.9232094301652387 86 0.9924783847392805 -0.12241999765278878 97 -0.4047372966499505 -0.9144330050367222 99 0.474727148482573 -0.8801330209085473 
0.020564069984867078 0.059654183016752314 -0.45270445523570424 10 10 -0.9747361813796683 -0.22335929958115147 21 0.3039838751738618 -0.9526771770302268 25 0.9929505844338675 -0.1185290549715166 28 0.9996452456118823 0.026634243476385253 58 -0.7560291070388916 -0.6545379968420291 70 -0.6071910929790338 -0.7945558360536572 76 -0.6847473670007906 -0.728780517978825 81 0.7311396993115368 -0.6822277772787001 86 0.5476990249639813 0.8366754317257704 99 -0.6951663242783448 -0.7188489282104656 
0.02493784295925571 0.05745856187452099 -0.47778349391754305 14 10 -0.9950788189368033 -0.09908654854891646 19 0.5885652779760658 -0.808449697607066 21 -0.40078966053847154 -0.9161700977468412 23 0.4014388834273097 -0.9158858132281747 25 -0.9834197799865381 -0.18134369669560904 28 -0.5860619720149292 0.8102662309130083 40 0.9971243345105075 -0.07578298969411025 51 0.9006739680977014 0.4344955732699022 58 -0.9403174332401012 -0.34029858175541655 63 0.938338476771528 0.34571795297625 70 -0.9980179355291211 -0.0629301228521846 81 0.2490829014376602 -0.9684821672139331 86 -0.999593715194122 0.028502711176522408 99 -0.9426050855296104 -0.3339096475601084 
0.029374310992663983 0.05539243276224796 -0.39390707812150627 13 9 0.96980986519596 0.2438623082163249 19 -0.22370744143404828 -0.9746563397665005 23 -0.24131815225031888 -0.9704460569215024 25 -0.9999964973334692 0.0026467566554015925 28 -0.9968128548964201 0.07977551198988633 40 0.957810315396517 -0.28740111294152093 51 0.49979082637790456 0.8661461365546181 63 0.649832947614796 0.7600770620103371 65 0.6110101709807327 -0.7916227453516578 70 -0.9995129009451661 0.03120834574562835 77 0.8302353320331514 -0.5574130366647363 81 -0.5718549194832557 -0.8203547714634194 86 -0.9970584333042246 0.07664516016634546 
0.03256077826907238 0.05331280271280208 -0.7625568443180497 10 9 0.2457017613964279 0.969345472185584 19 -0.4091547823440827 -0.9124649933476715 23 -0.2852882138685583 -0.9584417744587763 28 -0.9704343368121016 -0.24136527906071503 40 0.8659572347176975 -0.5001180537034018 51 -0.812481109990519 0.5829875177982576 63 -0.8421786456589936 0.5391985986591429 65 0.5266055967439256 -0.8501097255519278 77 0.8559740360948155 -0.5170188096496602 81 -0.5905521329984496 -0.8069994908368788 
0.03363828903025069 0.05191384152745491 -1.0663995953475147 9 9 -0.6545436979298287 0.7560241712408045 19 -0.33224116204435605 -0.9431944710627899 23 -0.16351638681457994 -0.9865406181415464 40 -0.9262640442732519 -0.3768752051894091 44 0.5848089521884148 -0.8111710605293364 51 -0.9844761671981525 0.17551830736090052 63 -0.992396473763156 0.12308224430214862 65 0.5349405141476077 -0.844889724356672 77 0.9002002622409508 -0.43547616221938407 
0.034267497189880335 0.05020016857449893 -1.3714174201841194 9 9 -0.9605819715918402 0.27799689899841135 19 -0.2489087398193049 -0.9685269429610958 40 -0.9370934062802788 -0.34907871305197685 44 0.691964131412448 -0.7219318810238378 51 -0.990978341649792 -0.13402211153771668 63 -0.9849184349892276 -0.17301929493085602 64 0.9968132185847004 -0.0797709674932574 65 0.46925333131399083 -0.8830635940014298 77 0.8799516246738528 -0.47506329918637896 
0.03458475400288107 0.0482958694124342 -1.4400070245723835 9 9 -0.990467611757076 0.13774581685203396 19 -0.3857249614319374 -0.9226138163545625 40 -0.9643488589506988 -0.26463423482324666 44 0.58835282634866 -0.8086043233421051 51 -0.9858429881600439 -0.16767111467296827 63 -0.9806598993735236 -0.19571959983790732 64 0.9997348022638953 -0.023028789424760988 65 0.008422945671193336 -0.9999645263639206 77 -0.5767913837231485 -0.8168914858552118 
0.034747283893925625 0.047524930643473094 -1.2860293290763674 8 9 -0.9641902591939907 0.26521150818813427 19 -0.5854577485137664 -0.8107029201286939 40 -0.9962594834367405 -0.08641204581746147 44 0.35975457335415206 -0.9330469693165355 63 -0.9994507947400272 -0.03313772613695747 64 0.9822362475202995 -0.18764848535823822 65 -0.37282220181608894 -0.9279027997764655 77 -0.9261127802025195 -0.37724676055012024 
0.03532516238672975 0.044535031727107606 -1.473717736324811 7 12 0.31856988042191775 -0.947899378250648 18 0.9056956527370973 -0.4239285135646375 40 -0.9780795837675608 -0.20823142850462092 44 0.04989720542862703 -0.9987543586340003 64 0.9968178624187384 -0.07971291716489351 65 -0.7170440517703833 -0.697027852973403 77 -0.9685763818206844 -0.24871628933214635 
0.03513957814191115 0.04169901612402441 -1.7985653277180578 9 12 0.35852245189101906 -0.9335211039339453 18 0.9729870604737818 -0.23085965466185157 20 0.5789901498748201 -0.8153345364621405 44 -0.12967172632898188 -0.9915569793969793 56 0.9349006650853156 -0.35490949046628034 64 0.8688262521525498 0.49511710086660715 65 -0.71582915725884 -0.6982754596991783 77 -0.915035669036024 -0.40337293462972434 78 0.548436353206989 -0.8361923023330332 
0.034967224111846024 0.03862726061146565 -1.4551283696570863 9 12 -0.31548706676941757 -0.9489298765984918 18 0.6224896396345789 -0.7826280397146604 20 -0.08474659968057256 -0.9964025360478468 44 -0.7764084554210637 -0.6302300455791346 49 0.9998056110008317 0.019716495917223274 56 0.5993426651335821 -0.800492579447539 64 -0.9548111375254519 0.297213209089624 65 -0.968269241573119 -0.24990933520662428 78 -0.0975149331285653 -0.9952340618251223 
0.035318132102790355 0.0367272779768486 -1.321200065686141 9 12 -0.595346137130444 -0.8034693379363388 18 0.009755488072529149 -0.9999524140940242 20 -0.4329265383135348 -0.9014292054420354 44 -0.9119730148582068 -0.41025019216379766 49 0.991900295660159 -0.12701890988860295 56 0.24534621509729787 -0.9694355237649539 64 -0.9646665625103427 0.2634737618330892 78 -0.428047543528495 -0.9037562173945034 94 0.35605156076444106 -0.9344663108305219 
0.035678220111642886 0.035696645158131625 -1.1481383023912886 9 18 -0.468604028136623 -0.8834083228123512 20 -0.663252017293654 -0.7483961260962665 44 -0.9772932344961223 -0.21189132546687067 49 0.9427968709263583 -0.33336775514657646 56 -0.09963633715584308 -0.9950239194703648 64 -0.9335231606449096 0.35851709657914294 78 -0.6538285408731197 -0.7566427420782726 88 0.13632963325570133 -0.9906635307188641 94 0.07739855527595295 -0.9970002325181249 
0.036202434245534286 0.033977275380304796 -1.4015852127855952 6 18 -0.5873937266244342 -0.8093013097247894 49 0.9841149852717632 -0.1775322386597914 56 -0.1300697126904544 -0.9915048511432621 64 -0.9986689903590724 0.05157758907889228 88 0.2079809782399412 -0.9781328706726694 94 0.1353831197319797 -0.9907933240043741 
0.03613147179281965 0.030858018038755004 -1.7854991758356005 6 18 -0.6475402283990422 -0.7620312674719563 49 0.9697065863585226 0.24427266808405113 56 -0.20920611050854732 -0.977871567909552 84 0.9999946010041222 -0.0032860253508679303 88 0.2622514028111713 -0.9649995863851822 94 0.16817039575063084 -0.9857579408724416 
0.034445391836784155 0.027008464086554433 -2.181742794881563 10 2 0.8963329205394349 -0.4433816590221642 16 0.9489927646983882 0.315297847360412 18 -0.6597110281828755 -0.7515193672114467 37 0.4563116826604575 -0.8898200089161752 45 0.8064240768332614 -0.591337643232377 49 -0.9978531647891971 -0.0654909270065979 56 -0.3472611629474571 -0.9377684600733699 84 0.8599235588801214 0.5104228373446336 88 0.16997371051802937 -0.9854485972047111 94 0.05977661358977079 -0.9982117793673541 
