0.3212435192322397 -2.421232969084778e-16 0.035906546397517516
0.24064465970250706 9.977611392243881e-17 0.11671529045332495
0.24691424506821177 -6.576011602970969e-17 0.31341840062566373
0.48364824222546293 -1.668821129706755e-16 -0.09324678493937766
0.40627626713719894 2.3575339037319606e-16 0.023115935802323673
0.30562005249226903 3.6858373306746313e-16 0.3404773106341291
0.08196622618904903 1.7964379290320441e-16 -0.33029656023876747
0.05909827884814666 -2.1468383539658697e-16 0.26609587643835053
0.4001705379274331 6.535961977482657e-17 0.2960097185974553
0.4903782540047435 1.3489407439201515e-16 0.23932685137337883
0.257665713013819 8.842510033742542e-17 0.2244233410291644
0.10322349164101989 -9.013463307678137e-18 0.11193681706201922
0.11450897933407117 -1.5580392520956647e-16 0.3557351336396667
0.2848317447875324 1.9526354776385314e-16 -0.06827044800758095
0.16905002544708225 8.95363644111637e-17 0.21938695154737273
0.2552676494974468 -7.451501973495086e-17 0.05474715909491872
0.058455410196360275 7.355059645231098e-18 0.09410839766070168
0.3254430752250899 8.224622483250304e-16 0.09354719749980564
0.47468663533158106 -3.5683611658460054e-16 0.14545623928278678
0.2117785552582037 1.6260143238306333e-16 -0.050374436960527035
0.3639340381672692 1.2022114693254215e-16 -0.3518196226965842
0.35004502195055076 -4.3224922362226963e-16 0.13651029569452744
0.14467215248322793 -2.740017011098084e-17 -0.29685896187611766
0.19194275791588317 -2.6161130564433696e-17 -0.10903138324590195
0.30658854668804614 4.861318987056797e-16 -0.049118789230143664
0.49476822712665186 -4.0296466308216347e-16 -0.31836415140157753
0.14399454024267613 4.7729094322247495e-17 -0.2709523856920032
0.3438987464594287 9.563768097769358e-17 -0.19736671796817423
0.2598398477853378 1.6742220547923324e-16 -0.20445952639871776
0.1215363126404851 -1.658563446562017e-16 -0.31169988706855584
0.34534831525937343 -1.896221743614147e-16 -0.28945363892110876
0.13846206275602374 -1.639552709606761e-15 -0.10501986347122869
0.4194469534315708 5.71203277869576e-16 -0.3223189793655508
0.42707520837446183 -6.238182529930366e-16 -0.3231212736848296
0.489406759256028 3.626389555701655e-16 -0.02507903868183886
0.4895424896856515 5.933593255197948e-16 0.08387641579603676
0.3826686107292355 7.545341801668509e-16 -0.3686497661965436
0.17726313315938466 1.0741567262144971e-16 -0.30384275102946495
0.18326308888496431 -7.105613587172599e-16 -0.3050178248366048
0.19309243072728985 -4.865535214778908e-17 -0.06858960438826413
0.07886637335695237 -3.5881961900009775e-16 0.1539776954960158
0.30497065439295945 3.061367534642279e-16 -0.1876884072484435
0.2854616240600145 -3.8073747836925437e-16 -0.3248475913932467
0.30917592300028013 4.633564650266463e-16 0.34343695806097146
0.19335602860309506 2.1463917090989906e-16 0.1339283039709455
0.10930903808197683 5.058173671519033e-16 0.17306176329485262
0.18023274182624027 6.244693341865941e-17 -0.25344691039430645
0.3139308206645373 7.135380641819218e-16 -0.38391396305000536
0.42302301314781326 -3.462232497860379e-16 -0.3962436190459625
